hub:
  world: world
  x: 64.83346194700943
  y: 64.0
  z: 256.86319183886775
  yaw: -10.785694
  pitch: 24.483595
