lastAccountName: Uborcraft
timestamps:
  login: 1585500318009
  logout: 1585500329335
ipAddress: 0:0:0:0:0:0:0:1
logoutlocation:
  world: world
  x: 69.30416283873839
  y: 64.0
  z: 259.8064942341072
  yaw: 227.55002
  pitch: -7.950001
