lastAccountName: XXXT3NT4C10N_
timestamps:
  login: 1585563402789
  logout: 1585563498553
ipAddress: 0:0:0:0:0:0:0:1
logoutlocation:
  world: world
  x: 132.11122460178237
  y: 63.0
  z: 311.0081833150102
  yaw: 252.88597
  pitch: 26.750254
