lastAccountName: DOK
timestamps:
  login: 1585500193931
  logout: 1585500271833
ipAddress: 0:0:0:0:0:0:0:1
logoutlocation:
  world: world
  x: 70.48750001192093
  y: 64.0
  z: 251.15583710978737
  yaw: -9.899992
  pitch: 9.750001
