lastAccountName: NewZoltan0610
timestamps:
  login: 1585575357173
  logout: 1585575912905
ipAddress: 0:0:0:0:0:0:0:1
logoutlocation:
  world: world
  x: 53.17754597111929
  y: 64.0
  z: 264.8441288271355
  yaw: -96.28588
  pitch: -2.0664032
afk: false
