lastAccountName: HPfos
timestamps:
  login: 1585503044860
ipAddress: 0:0:0:0:0:0:0:1
logoutlocation:
  world: world
  x: 68.50115544016968
  y: 64.0
  z: 258.98762970624495
  yaw: -46.94879
  pitch: 14.836749
